170074
170119
170122
170125
170129
170133
170134
170135
170136
170139
170140
170142
170144
170146
170150
170152
170153
170156
170158
170165
170166
170167
170172
170182
170184
170189
170190
170199
170202
170204
170206
170207
170210
170211
170216
170217
170219
170224
170225
170229
170232
170240
170247
170248
170253
170255
170256
170258
170261
170266
170270
170271
170272
170274
170275
180002
180011
180013
180015
180017
180018
180023
180024
180026
180031
180037
180044
180049
180051
180052
180053
180058
180066
180068
180075
180076
180078
180079
180080
180081
180086
180087
180091
180095
180098
180104
180106
180108
180109
180110
180112
180113
180114
180115
180116
180118
180119
180120
180121
180124
180126
180127
180131
180132
180135
180138
180139
180143
180145
180147
180150
180152
180154
180155
180157
180158
180162
180165
180166
180177
180179
180180
180183
180203
180208
180212
180216
180221
180227
180232
180237
180238
180239
180241
180243
180245
180246
180249
180250
180256
180257
180259
180262
180263
180265
180267
190003
190006
190009
190010
190012
190020
190028
190036
190037
190041
190043
190049
190051
190052
190054
190056
190057
190066
190068
190072
190074
190083
190087
190095
190096
190099
190109
190116
190117
190118
190126
190128
190144
190147
190148
190156
