140026
140053
140066
140075
140081
140101
140118
140120
140133
140145
140163
140172
140186
140193
140196
140197
140200
140202
140206
140211
140212
140214
140216
140219
140222
140225
140232
140245
140246
140248
140249
140251
140257
140262
140263
140269
140291
140292
140294
140301
140305
140311
140312
140346
140350
140351
140352
140361
140364
140369
140377
140381
140385
140386
140391
140394
140399
140402
140406
140410
140417
140420
140423
140424
140429
140436
140440
140444
140449
140451
140452
140454
140456
140459
140460
140465
140468
140479
140484
140493
140499
140501
140507
140511
140518
140520
140521
140522
140533
140536
140540
140541
140545
150006
150007
150011
150016
150017
150028
150030
150031
150034
150046
150054
150057
150065
150067
150072
150073
150107
150109
150114
150117
150120
150123
150135
150144
150161
150165
150170
150173
150177
150181
150184
150188
150196
150198
150217
150220
150223
150226
150238
150240
150241
150257
150277
150286
150288
150291
150292
150299
150302
150305
150306
150319
150320
150322
150330
150333
150337
150340
150360
150367
150371
150372
150377
150379
150384
150395
150406
150408
150418
150426
150428
150429
150433
150437
150439
150441
150443
150450
150459
150473
150474
150485
150486
150489
150490
150493
150496
150497
150505
150518
150523
150524
150527
150531
150533
150537
150547
150548
150552
150555
150561
150574
150577
150578
150580
150582
150593
150599
150616
150617
150630
150632
150634
150635
150637
150643
150645
150649
150655
150656
150657
150658
150661
150669
150670
150677
150679
150684
150685
150686
150688
150691
150694
150702
150703
150705
150708
150710
150720
160007
160008
160016
160018
160023
160025
160027
160030
160033
160036
160037
160040
160042
160043
160049
160051
160059
160061
160062
160063
160064
160065
160069
160071
160072
160073
160083
160086
160087
160089
160090
160091
160096
160098
160106
160109
160110
160112
160113
160117
160123
160130
160131
160136
160138
160139
160140
160141
160151
160158
160162
160164
160169
160170
160175
160177
160178
160187
160197
160202
160203
160206
160210
160211
160214
160215
160216
160217
160221
160222
160223
160224
160225
160231
160235
160247
160249
160250
160254
160258
160259
160260
160262
160268
160273
160275
160276
160278
160284
160287
160288
160289
160290
160292
160296
160299
160300
160304
160305
160306
160307
160310
160311
160313
160316
160317
160319
160321
160322
160326
160328
160335
160339
160345
160347
160350
160351
160352
160357
160360
160361
160374
160375
160379
160382
160383
160385
160395
160398
160403
160405
160406
160412
160417
160421
160426
160427
160429
160431
160432
160438
160441
160443
160447
160451
160453
160455
160461
160463
160467
160470
160471
160477
160478
160488
160494
160495
160497
160500
160501
160503
160506
160510
160511
160512
160518
160520
160521
160524
160525
160533
160534
160535
160537
160538
160539
160544
160545
160548
160551
160552
160553
160557
160558
160559
160560
160561
160568
160569
160571
160577
160578
160580
160581
160582
160583
160588
160591
160600
160602
160606
160607
160608
160611
160612
160615
160622
160628
160635
160637
160638
160639
160645
160649
160651
160652
160658
160660
160662
160669
160671
160681
160685
160687
160688
160690
160691
160694
160695
160696
160699
160711
160712
160717
160729
160731
160734
160738
160739
160741
160746
160756
160759
160760
160763
160764
160766
160767
160768
160775
160787
160789
160790
160791
160796
160804
160805
160808
160810
160812
160816
160823
160824
160825
160827
160830
160840
160850
160855
160858
160872
160874
160879
160887
160889
160896
160900
160901
160903
160906
160908
160910
160911
160913
160914
160918
160920
160926
160928
160933
160935
160938
160946
160947
160950
160956
160957
160962
160967
160982
160992
160993
160997
161004
161011
161014
161016
161018
161025
161029
161032
161035
161036
161051
161054
161060
161065
161067
161076
161077
161081
161083
161084
161085
161090
161098
161102
161105
170004
170005
170006
170021
170022
170026
170027
170029
170033
170036
170037
170038
170039
170042
170045
170051
170053
170054
170062
170063
170065
170076
170078
170082
170084
170091
170095
170097
170098
170106
170107
170110
170114
170117
170121
170133
170134
170136
170141
170148
170153
170154
170156
170169
170174
170180
170181
170183
170185
170186
170190
170194
170196
170200
170202
170207
170208
170210
170213
170218
170219
170221
170222
170224
170238
170243
170245
170251
170253
170265
170270
170275
170281
170283
170284
170285
170288
170289
170296
170300
170303
170304
170306
170312
170313
170315
170317
170323
170324
170325
170326
170328
170331
170335
170336
170339
170342
170344
170346
170349
170352
170354
170367
170368
170370
170375
170376
170381
170386
170387
170396
170399
170413
170427
170429
170431
170433
170436
170446
170449
170451
170453
170454
170461
170466
170470
170472
170475
170480
170482
170484
170485
170487
170489
170494
170499
170503
170505
170511
170516
170522
170529
170543
170544
170557
170558
170577
170593
170594
170598
170602
170617
170618
170624
170625
170629
170634
170638
170639
170641
170648
170658
170672
170675
170681
170692
170697
170708
170710
170715
170720
170726
170730
170732
170735
170740
170747
170748
170750
170754
170756
170757
170758
170760
170764
170769
170770
170773
170777
170778
170781
170785
170789
170792
170796
170807
170808
170811
170816
170819
170822
170824
170826
170830
170834
170835
170838
170841
170842
170844
170852
170853
170854
170860
170865
170873
170879
170882
170885
170889
170892
170899
170905
170907
170909
170910
170912
170917
170918
170919
170920
170921
170926
170932
170933
170942
170943
170952
170954
170957
170958
170968
170975
170981
170982
170986
170989
170991
170996
171006
171012
171019
171026
171028
171029
171031
171033
171037
171039
171040
171047
171049
171053
171057
171058
171059
171060
171075
171079
171083
171085
171089
171091
171098
171100
171109
171113
171120
171121
171127
171134
171142
171146
171153
171161
171163
171172
171176
171177
171184
171186
171187
171190
171195
171200
171208
171212
171213
171214
171218
171220
171221
171226
171227
171228
171229
171241
171249
171253
171255
171268
171271
171272
171280
171285
171290
171304
171308
171311
171312
171313
171314
171315
171332
171336
171337
171340
171350
171355
171358
171359
171363
171365
171367
171369
171371
171372
171374
171378
171387
171390
171394
171395
171398
171414
171418
171419
171420
171425
171428
171430
171431
171435
171436
171438
171439
171440
171446
171448
171449
171451
171456
171457
171462
171463
171468
171469
171472
171474
171475
171477
171478
171484
171486
171492
171496
171510
171511
171516
171519
171520
171521
171522
171525
171528
171531
171535
171544
171545
171550
171553
171555
171557
171558
171561
171566
171568
171571
171578
171582
171586
171587
171589
171591
171592
171596
171598
171599
171604
171609
171613
171614
171615
171616
171622
171628
171630
171636
171639
171645
171654
171657
171659
171661
171662
171665
171668
171673
171678
171685
171691
171699
171700
171701
171707
171709
171717
171739
171743
171745
171746
171750
171752
171757
171766
171773
171775
171776
171780
171784
171785
171787
171788
171790
171792
171795
171798
171800
171802
171808
171809
171811
171814
171830
171835
171836
171837
171843
171845
171861
171870
171871
171872
171883
171897
171900
171901
171904
171906
171914
171918
171919
171920
171921
171922
171927
171928
171945
171948
171952
171964
171966
171979
171986
171987
171993
172002
172005
172018
172021
172026
172029
172032
172033
172037
172039
172040
172041
172051
172052
172060
172064
172067
172078
172080
172089
172092
172095
172098
172099
172102
172103
172108
172112
172114
172124
172137
172140
172141
172146
172149
172155
172159
172164
172165
172167
172171
172174
172177
172181
172185
172187
172193
172196
172207
172208
172212
172218
172221
172226
172232
172234
172237
172238
172242
172247
172250
172253
172257
172265
172268
172270
172273
172280
172281
172284
172290
172293
172303
172305
172307
172310
172311
172317
172320
172331
172336
172337
172346
172347
172348
172353
172362
172364
172366
172368
172371
172376
172381
172382
172391
172393
172394
172398
172404
172407
172410
172411
172413
172416
172417
172418
172421
172425
172428
172430
172433
172435
172437
172440
172441
172447
172453
172454
172455
172456
172465
172466
172470
180002
180007
180008
180011
180015
180025
180042
180044
180050
180058
180066
180069
180070
180074
180076
180082
180085
180087
180094
180113
180117
180123
180125
180134
180137
180138
180145
180146
180148
180149
180152
180155
180156
180159
180160
180166
180170
180171
180176
180186
180187
180189
180194
180197
180205
180208
180219
180221
180225
180247
180248
180257
180259
180267
180272
180279
180281
180286
180291
180293
180296
180298
180305
180307
180320
180321
180322
180323
180325
180329
180331
180332
180335
180338
180339
180359
180364
180365
180367
180368
180371
180372
180378
180379
180387
180390
180391
180392
180394
180399
180403
180408
180409
180413
180422
180423
180432
180435
180448
180453
180454
180457
180468
180475
180479
180482
180483
180484
180485
180488
180490
180491
180492
180493
180496
180497
180502
180504
180523
180524
180525
180526
180528
180532
180539
180543
180545
180550
180551
180558
180566
180567
180569
180586
180587
180588
180593
180598
180601
180604
180605
180607
180608
180612
180613
180617
180621
180623
180639
180640
180642
180643
180657
180658
180660
180661
180667
180672
180679
180687
180690
180692
180698
180700
180717
180718
180719
180722
180723
180728
180729
180740
180744
180745
180748
180749
180757
180759
180764
180766
180770
180778
180779
180780
180787
180795
180798
180802
180805
180810
180811
180814
180817
180820
180821
180822
180825
180835
180844
180850
180857
180863
180867
180868
180870
180872
180879
180887
180889
180890
180897
180903
180905
180913
180914
180920
180925
180932
180934
180937
180941
180942
180951
180953
180957
180962
180965
180966
180969
180983
180989
180995
180996
181002
181009
181013
181015
181025
181035
181042
181043
181049
181055
181056
181067
181070
181074
181076
181081
181082
181083
181085
181089
181093
181095
181098
181099
181101
181104
181108
181116
181117
181121
181122
181131
181133
181137
181143
181151
181160
181163
181166
181186
181189
181190
181193
181199
181215
181230
181247
181249
181254
181266
181273
181274
181281
181286
181294
181296
181301
181303
181309
181311
181320
181321
181322
181323
181329
181350
181353
181354
181355
181356
181359
181361
181367
181369
181375
181382
181386
181389
181393
181394
181397
181400
181402
181411
181413
181415
181422
181432
181433
181438
181439
181440
181445
181453
181456
181457
181461
181463
181469
181471
181474
181476
181482
181483
181487
181488
181499
181500
181507
181509
181517
181519
181534
181536
181539
181542
181544
181545
181550
181552
181555
181563
181566
181571
181575
181577
181578
181580
181585
181591
181592
181595
181602
181604
181605
181615
181617
181621
181626
181634
181649
181664
181686
181691
181693
181695
181696
181700
181701
181702
181703
181704
181722
181727
181728
181729
181730
181738
181748
181751
181754
181769
181770
181776
181777
181779
181789
181790
181797
181798
181799
181800
181801
181806
181817
181823
181832
181836
181840
181842
181848
181859
181860
181861
181862
181864
181868
181870
181872
181876
181877
181878
181883
181885
181886
181891
181899
181902
181904
181905
181907
181911
181928
181942
181948
181963
181964
181965
181971
181972
181978
181979
181986
182001
182007
182008
182021
182022
182024
182031
182035
182037
182040
182046
182047
182050
182053
182054
182060
182061
182062
182069
182073
182076
182087
182095
182102
182103
182111
182115
182119
182120
182124
182128
182135
182137
182138
182139
182142
182145
182147
182157
182158
182160
182174
182178
182180
182181
182187
182189
182192
182194
182195
182197
182205
182213
182226
182228
182233
190001
190002
190012
190013
190015
190018
190021
190026
190029
190039
190042
190044
190049
190050
190058
190060
190067
190068
190069
190074
190078
190086
190088
190090
190094
190097
190100
190107
190112
190114
190116
190119
190122
190123
190126
190127
190132
190135
190136
190139
190141
190142
190144
190149
190150
190152
190153
190160
190161
190166
190173
190174
190179
190182
190190
190192
190194
190196
190197
190201
190202
190203
190205
190211
190214
190216
190219
190222
190233
190241
190251
190252
190260
190263
190264
190266
190271
190273
190276
190283
190286
190291
190293
190310
190311
190319
190321
190327
190333
190334
190335
190336
190338
190342
190351
190355
190360
190366
190378
190381
190387
190389
190393
190397
190399
190407
190412
190414
190418
190420
190423
190433
190434
190437
190441
190445
190452
190456
190473
190474
190476
190485
190504
190514
190518
190526
190528
190536
190547
190563
190569
190572
190574
190577
190579
190580
190589
190594
190596
190598
190607
190634
190638
190644
190656
190677
190685
190719
190723
190727
190733
190778
190841
190845
190852
190875
190880
190882
190888
190896
190907
190908
190911
190913
190944
190952
190979
190991
190997
191023
191024
191040
191057
191087
191128
191164
